3 1, 20 1, 22 1, 35 1, 38 2, 47 1, 59 1, 68 2, 78 4, 82 5, 102 1, 158 2, 164 1, 170 1, 207 1, 211 2, 229 1, 237 3, 250 1, 273 1, 292 2, 294 2, 311 1, 323 1, 326 1, 343 1, 344 1, 346 2, 354 1, 361 1, 370 1, 390 1, 407 1, 415 1, 486 2, 507 1, 519 1, 523 1, 524 1, 543 1, 555 1, 560 1, 561 4, 589 2, 605 1, 609 1, 640 3, 644 1, 645 1, 655 1, 677 1, 727 1, 783 1, 788 1, 796 6, 798 1, 801 1, 818 2, 831 1, 838 1, 848 1, 854 1, 877 3, 883 2, 899 1, 901 2, 912 2, 935 1, 956 1, 973 7, 986 1, 997 2, 1014 1, 1024 2, 1043 2, 1045 1, 1055 1, 1082 2, 1085 2, 1096 1, 1108 1, 1133 3, 1135 2, 1155 1, 1170 1, 1224 1, 1239 3, 1240 1, 1242 1, 1277 1, 1281 1, 1342 1, 1359 1, 1360 2, 1382 1, 1419 1, 1423 1, 1432 10, 1433 1, 1448 1
25 1, 103 1, 116 1, 143 1, 276 1, 333 1, 415 1, 422 1, 601 1, 682 1, 703 1, 752 1, 766 1, 796 7, 848 2, 893 1, 1004 1, 1045 2, 1137 1, 1198 1, 1230 1, 1357 1, 1439 5, 1448 0
63 1, 78 1, 82 2, 86 1, 115 1, 214 1, 228 1, 251 1, 268 5, 275 1, 307 1, 324 1, 326 2, 337 2, 367 1, 388 1, 422 1, 431 2, 452 1, 459 1, 509 1, 548 1, 559 2, 580 1, 612 1, 613 1, 668 1, 681 2, 692 1, 699 1, 703 1, 796 6, 820 1, 837 1, 853 2, 889 4, 912 1, 919 1, 928 2, 978 1, 998 1, 1100 4, 1125 1, 1127 1, 1182 1, 1183 1, 1236 1, 1244 1, 1261 1, 1266 1, 1282 1, 1286 1, 1426 4, 1431 1, 1435 1, 1439 2, 1448 1
45 1, 80 1, 129 3, 132 1, 133 1, 191 1, 195 1, 240 1, 270 1, 297 1, 348 1, 417 1, 430 2, 494 1, 513 1, 552 1, 757 1, 782 1, 796 4, 871 1, 912 1, 961 1, 986 1, 991 1, 1014 1, 1130 2, 1137 1, 1183 2, 1251 1, 1286 1, 1356 1, 1387 3, 1412 2, 1424 4, 1448 0
12 1, 20 1, 24 1, 37 1, 82 1, 117 1, 175 1, 210 1, 274 1, 275 3, 276 2, 280 6, 292 1, 306 1, 311 1, 326 1, 337 2, 452 1, 555 2, 635 1, 685 1, 796 2, 926 1, 958 1, 998 1, 1028 1, 1089 1, 1092 1, 1153 1, 1155 2, 1255 1, 1400 3, 1431 1, 1448 1
26 2, 38 1, 39 1, 63 1, 78 2, 86 1, 137 2, 141 2, 237 1, 249 1, 257 1, 275 4, 291 1, 294 1, 326 2, 331 1, 340 2, 362 2, 370 1, 378 1, 396 1, 409 1, 431 1, 478 1, 573 1, 589 1, 647 1, 648 1, 656 1, 665 1, 685 1, 740 1, 752 2, 796 3, 809 1, 820 1, 857 1, 861 1, 868 1, 876 1, 893 1, 897 2, 987 1, 1028 1, 1045 1, 1100 1, 1135 2, 1174 1, 1182 1, 1303 1, 1316 1, 1393 1, 1426 7, 1432 1, 1440 1, 1448 1
38 1, 40 1, 152 2, 218 1, 352 1, 415 1, 562 1, 578 1, 603 1, 604 1, 627 1, 688 1, 715 1, 737 2, 768 1, 779 1, 796 6, 845 1, 848 1, 877 2, 893 1, 901 1, 1029 1, 1037 10, 1045 2, 1055 1, 1074 1, 1097 1, 1119 1, 1137 1, 1159 1, 1186 1, 1240 1, 1351 1, 1353 2, 1412 1, 1432 1, 1448 0
4 1, 6 1, 15 4, 31 1, 34 1, 36 2, 54 1, 58 1, 68 4, 80 2, 101 1, 113 3, 114 1, 115 1, 133 4, 140 1, 142 1, 143 1, 151 1, 170 1, 197 1, 218 2, 230 1, 260 1, 274 1, 276 2, 280 3, 287 1, 292 2, 300 2, 311 2, 317 1, 322 1, 326 1, 334 1, 337 9, 346 1, 350 1, 358 1, 362 2, 373 1, 377 1, 395 1, 407 1, 409 2, 422 1, 431 3, 453 1, 456 2, 464 1, 480 2, 486 1, 523 1, 537 1, 541 1, 562 1, 572 1, 578 1, 585 1, 616 1, 619 1, 621 1, 644 5, 685 1, 688 1, 740 1, 766 1, 787 1, 793 3, 796 23, 797 1, 831 2, 848 3, 856 1, 857 1, 868 1, 876 1, 878 1, 886 2, 889 1, 909 1, 910 2, 916 1, 951 1, 957 3, 961 1, 962 1, 965 1, 987 1, 998 6, 1004 2, 1009 1, 1029 1, 1045 4, 1050 2, 1052 1, 1064 1, 1083 1, 1098 1, 1111 2, 1122 2, 1125 1, 1137 1, 1155 1, 1184 1, 1191 1, 1196 2, 1256 1, 1326 1, 1334 1, 1336 1, 1341 1, 1351 1, 1353 2, 1380 1, 1383 2, 1387 3, 1400 1, 1410 1, 1412 8, 1431 1, 1435 2, 1438 1, 1440 1, 1443 1, 1446 3, 1448 1
63 2, 82 4, 114 1, 116 1, 119 1, 182 1, 184 1, 218 2, 224 1, 285 1, 360 1, 371 1, 398 1, 422 1, 430 3, 439 1, 458 1, 532 1, 592 1, 644 3, 676 1, 716 1, 720 1, 730 2, 737 1, 778 1, 796 2, 810 1, 817 1, 838 1, 860 1, 861 1, 893 1, 912 1, 962 2, 979 1, 1045 1, 1096 1, 1103 1, 1137 1, 1212 1, 1215 3, 1230 1, 1240 1, 1252 2, 1290 3, 1294 1, 1304 1, 1318 1, 1356 2, 1377 1, 1383 1, 1384 1, 1404 1, 1411 2, 1441 1, 1448 0
12 1, 18 2, 33 2, 40 2, 46 1, 62 2, 82 2, 91 2, 135 2, 231 2, 276 2, 280 4, 281 2, 292 5, 294 2, 311 1, 326 1, 337 3, 344 2, 351 1, 377 2, 531 1, 564 2, 614 2, 685 4, 788 2, 796 11, 807 1, 827 2, 831 2, 859 2, 880 4, 896 3, 899 1, 969 2, 998 5, 1004 2, 1028 2, 1055 1, 1063 3, 1088 2, 1135 2, 1151 2, 1155 2, 1183 2, 1240 2, 1322 2, 1371 2, 1377 2, 1431 2, 1444 6, 1446 2, 1448 1
